0, start, 0.015603977, -0.07680063, -0.019023445, 0.03336676, -0.062228452
1, Role 1, -0.029091105, -0.048679974, 0.0394851, -0.10270267, -0.02579122
2, Role 2, 0.0067720925, -0.03819155, -0.10123377, -0.054618955, 0.054195262
3, Role 3, 0.0106027275, 0.15321037, 0.045450468, -0.076911174, 0.013279773
4, Role 4, 0.088597246, 0.016914995, -0.052332245, -0.041041672, 0.017985417
5, Role 5, 0.07450287, 0.0072750337, 0.003553721, -0.006846748, -0.097671874
6, Role 6, 0.029970888, -0.124395855, -0.029206142, 0.053607617, -0.099347234
7, Role 7, -0.02339307, 0.11420443, 0.030037055, -0.048507046, 0.09586518
8, Role 8, -0.012967148, 0.10244726, 0.038850795, -0.03821395, 0.10328656
9, end, -0.019007217, 0.082323186, 0.020618578, -0.03489849, 0.070978776
