0, start, -0.021096503, 0.0063978024, 0.07683504, 0.06313629, 0.03045066
1, Role 1, -0.025086358, 0.026678586, -0.061048303, 0.038403306, -0.015744358
2, Role 2, -0.043351725, 0.04768282, 0.00016022194, 0.021258984, 0.08168522
3, Role 3, -0.02049774, -0.04401654, -0.009226059, 0.034275997, -0.010678179
4, Role 4, 0.011958695, -0.021401, -0.038760785, -0.018723294, 0.039209675
5, Role 5, 0.028067423, -0.06012021, 0.03817006, 0.04353061, 0.06536478
6, Role 6, 0.014086343, -0.013156505, -0.06414744, -0.060243584, -0.017515562
7, Role 7, -0.01055388, 0.008678225, 0.08430469, 0.08404649, 0.031940516
8, Role 8, 0.02002352, -0.0046385233, -0.076444894, -0.06388061, -0.031557437
9, end, 0.020245608, -0.0049169157, -0.076966405, -0.06537335, -0.029829968
