0, start, -0.05783908, -0.046386737, 0.073643476, -0.04538547
1, Role 1, -0.019429704, -0.01506705, -0.0574835, 0.0100756865
2, Role 2, 0.061728287, 0.07163599, 0.007877329, 0.013915476
3, Role 3, 0.056037903, -0.01673964, -0.006750226, -0.027000982
4, Role 4, -0.04929235, -0.04494403, 0.06809099, -0.034813024
5, Role 5, -0.0688776, -0.056863885, 0.0915194, -0.05330429
6, Role 6, -0.055081546, -0.043095984, 0.073115125, -0.042932857
7, Role 7, 0.007034857, -0.05020321, -0.0035504508, -0.06250554
8, Role 8, -0.049318895, -0.0004976683, 0.08659215, -0.04030168
9, end, 0.05106601, 0.039603215, -0.06470801, 0.039238058
